1000 10000
7260 122
6881 7215
907 4785
3974 3770
2659 9317
2615 9206
5270 3019
1748 4144
404 8083
247 8469
5587 827
1565 1635
6788 6323
3986 6424
467 640
2108 2880
9072 7749
3211 6541
3980 2175
4751 9239
2470 176
2634 3367
8423 78
2663 6174
9322 973
3116 5019
8192 5050
396 1181
2578 2153
1712 7638
3513 4594
1175 5201
6555 1879
4523 8837
6966 1258
3606 3209
8610 4348
5557 3114
7106 8809
3772 9980
236 1186
6075 6894
4249 1435
9055 5473
6478 2918
4411 5962
6748 3647
120 485
9062 7306
3514 5932
7745 6602
2310 233
2304 259
7889 9577
6865 658
9211 5425
2289 3436
2092 1013
6855 6500
2237 9575
352 9953
2474 6764
4551 7583
694 9957
3832 9733
3423 4301
2933 3911
6788 5886
8824 2780
3909 1290
9210 5443
42 630
819 2721
2983 8937
8915 6830
7102 9574
1184 4434
4069 7285
8337 3482
1577 8633
5995 9615
803 7822
7882 1721
9898 9537
1330 5999
3977 9733
9926 8578
9795 4739
7976 2187
37 4097
995 146
506 5350
1078 3361
8980 2173
5489 4024
74 9784
4725 3858
8285 7783
2215 5864
6959 8810
869 3220
1766 2723
5229 9
3389 5151
1034 2497
8925 102
703 1463
5162 7809
4489 9110
2000 715
9360 7489
1488 475
8159 8581
741 7346
5989 3308
4684 2352
8075 9731
3187 8251
3910 8046
8209 5827
2383 7995
7559 2431
7153 8628
4549 572
3762 6041
1232 9608
342 4989
5283 3258
5713 9120
195 9844
9068 3853
6712 5371
1466 8964
8536 4486
5195 9371
262 8982
2304 9473
2699 2277
2655 627
772 2130
826 3266
861 187
7563 7700
2315 2780
227 4490
2608 488
7284 1827
1915 3028
4683 1871
5886 5932
9810 5191
788 5089
660 9706
8882 4400
3794 3739
8397 921
1030 809
77 3965
583 5167
3137 873
4124 8461
3859 1891
2436 8230
2253 2579
3718 8621
1084 2804
7220 5081
7956 8411
5205 7920
6724 6503
5890 7075
619 9177
1009 7911
9690 8790
1537 6996
3532 1466
486 1249
9301 6848
3366 5823
3223 3999
9682 292
8826 7191
3929 4219
1324 7005
8809 5323
151 931
231 5349
5859 155
6354 8562
5516 989
2995 5628
5141 1207
1975 6748
3132 7253
2112 8500
6176 3825
1576 2717
1585 3052
4104 2308
150 4414
6697 6801
5333 4667
5145 6104
9471 3671
9472 4899
3913 459
1795 9104
4835 3303
3608 6375
98 7946
2219 7455
2160 6849
753 5409
5143 60
4491 5724
6154 5207
1981 9227
5589 2104
2159 2484
966 9492
5124 6579
2859 2807
746 8294
878 1987
6593 9690
2719 104
8735 2246
9152 8886
8147 9862
8599 1455
9496 9835
2447 512
7357 3153
944 5041
7075 7697
6784 6715
1494 9704
2570 2745
6927 9672
3998 6978
649 1005
5129 615
2676 8035
4823 6776
887 6790
1590 6188
568 6681
6301 9712
6176 3883
8572 7151
1659 7784
294 2691
6350 4060
2108 7931
3388 7005
6316 1789
7226 6617
3706 1006
2097 1741
3773 8384
148 3351
9838 5083
7891 63
2988 7680
1376 3170
5123 2281
6416 9919
7327 5797
9811 4182
1083 5123
7447 5196
2415 3724
6282 964
3673 9142
2719 9723
7531 5366
7764 3155
6838 9141
385 7683
6405 8615
3779 9212
6093 6152
8889 3039
5107 8200
9887 8285
6879 1257
9625 6447
1039 1110
3970 3240
799 1366
5606 7335
9016 2097
5149 4561
6630 5698
5706 1774
7375 2206
9330 6659
289 4660
7056 7216
7786 4789
9704 3803
5726 7910
4714 8557
629 4996
6026 1851
4163 359
6718 3832
6380 5050
7144 4073
2103 7801
3013 5705
9186 1932
6324 4909
1527 5572
5931 8123
1981 2548
1975 151
1634 8530
3474 4926
6552 5757
6074 1655
7853 1744
9055 5766
1935 3416
2637 8483
1152 371
203 138
9287 2298
8179 7044
5239 4065
6499 5958
8467 8412
5603 3193
1922 2276
3705 9018
5568 2025
7321 6722
342 3018
4353 5289
2154 180
3940 5494
3289 5736
6676 4107
9285 3296
3429 8127
1866 5490
1248 2059
4949 8645
774 2473
4455 4644
3638 9897
6902 6226
3633 7574
9572 9085
5851 7385
8740 2117
2948 2028
7499 863
7800 3938
6020 4245
5732 6901
7927 1536
8634 5056
3290 7769
8327 5055
5943 1308
8546 6691
9472 6270
8456 6714
5105 9488
2758 2638
2022 5956
9446 6989
7149 7360
447 7097
4956 7185
3862 4096
486 9602
1385 7487
586 1325
6989 1683
8109 2577
9669 6896
3593 1093
3127 3094
4277 1180
8554 1696
2023 6057
2803 191
615 4244
224 8342
6790 3486
1716 9655
7151 8961
8196 879
2557 3116
2305 6781
8750 8942
6983 840
2038 8960
4101 2114
503 5752
7151 807
5695 1195
3041 1739
6818 7939
7012 5267
841 1
2773 7202
1611 3525
2036 3431
4620 732
6011 9525
676 2761
1968 6148
8977 855
188 1158
2207 2205
5037 9052
2454 5011
2536 9881
6293 6740
6659 6599
8894 1845
1171 2345
5330 4613
1841 7873
7422 2789
1122 8307
1078 8266
375 1578
8273 8785
2546 6826
6661 4178
9131 1109
3109 3864
6018 4849
1816 1888
3749 8362
9660 3456
6164 2676
8618 8186
5283 2532
4700 6160
4080 7968
2156 5402
5622 5955
3487 1318
5761 9398
1682 2720
7858 8956
8163 5139
6101 3324
5011 3726
1602 9412
6011 4762
3825 3931
6797 379
1538 4104
8188 4277
3675 7026
3887 449
3699 936
2337 2512
8463 8370
5629 3519
3914 2935
2280 2779
522 6736
2511 7
577 4205
6051 3948
6418 2135
8498 9201
4053 3813
3784 6059
6588 1523
630 5398
1031 1007
2242 2980
2708 5222
174 9670
427 8992
9821 3449
9369 199
2563 8658
1468 29
3741 8526
255 1454
1202 7299
6709 6787
1544 1451
6315 5641
3449 1346
1081 9026
7543 6061
2906 650
7534 6141
3101 365
2073 3141
7850 2503
1192 9480
2105 2540
8272 1495
2303 3577
4627 266
426 2682
3986 4188
7008 3854
561 4028
515 2376
3978 4417
3047 6263
6004 8077
2535 8664
20 566
3525 2730
9429 4145
3521 9154
229 1344
4652 3873
112 29
2092 6755
7792 9031
7938 8776
5189 2125
267 2344
2514 6200
7781 1187
4424 5262
1906 8328
3271 6532
7377 5335
2690 2804
3787 1191
8194 1424
8972 1388
3998 1461
99 2628
3802 8995
731 7777
1101 652
7242 4748
5511 587
1338 8232
9411 4888
7591 1092
2201 9033
4440 5061
4167 9178
1409 7268
1073 5040
7592 5459
1479 1306
1574 1222
8086 889
2129 1904
5377 338
9848 6539
5026 6082
1375 6652
6427 8785
7467 2598
274 8154
400 4798
2061 7162
4697 7135
1306 6519
2423 3567
9986 9251
2383 1826
5342 7009
3997 4189
1178 3783
765 9197
2810 8372
2363 7689
8715 660
5385 3013
8955 6706
6066 4953
8955 829
2396 5074
9955 9518
3267 5175
8567 1321
9892 1022
2729 1746
551 6880
2207 8226
337 5338
4775 5242
1128 1798
2824 9927
9464 873
1099 6822
1829 9614
2441 586
290 3731
5014 413
5042 8962
6815 3715
206 3764
4336 6677
9430 5905
9945 8316
4251 7642
994 9963
684 3114
8620 2338
6559 4778
6490 6129
8739 9317
7888 5322
131 8588
6938 6603
5022 58
2097 2810
933 7834
8410 2705
9556 9176
1951 3340
5860 4389
6769 6832
5328 527
6510 1055
2263 8928
4608 3273
7426 6582
5047 261
5175 7955
4808 4816
8365 5574
7861 4085
5648 3850
127 1759
3271 3821
6329 9995
20 3923
6031 3936
5548 9372
2982 2179
3672 3123
1862 7926
9179 377
5910 802
4645 210
2935 4501
7048 6302
868 429
2201 5258
9895 4022
5272 3416
7263 9616
8627 188
5169 388
8648 5897
9533 920
3850 7228
4355 3554
2102 1654
8550 1450
2039 7632
2559 6130
9238 5018
2884 7674
7174 1108
6747 703
8143 7985
6714 948
1241 2729
7505 3556
9819 6638
6506 2662
7365 1169
6815 1874
7723 7813
1581 5188
6819 4261
3544 9503
9921 3714
4528 7987
352 511
6642 6801
4052 2304
9953 7374
2765 5616
518 1831
6607 6275
2022 1893
3056 8779
9203 2865
4386 9935
9702 1337
9953 2504
3755 1602
1967 8062
9725 945
8559 8179
8004 2805
3054 4830
5564 9687
232 9595
1385 4630
7210 7008
279 6044
196 8419
8406 8596
1090 1082
2614 6624
3915 7603
2447 7046
601 8486
181 1835
7354 1656
6186 5763
326 465
5444 551
3251 9936
1440 5160
9413 4717
3255 9955
7865 4047
2705 5558
9188 9072
8871 7954
9912 397
5805 4865
6167 6322
911 9514
1035 4086
7931 978
628 8867
6496 8341
7395 4745
7253 4886
3352 1730
9006 4803
5575 2457
74 7869
2384 2631
7568 1334
5119 4558
9708 6188
4129 7658
7476 3013
9864 8677
2447 2011
2144 3370
8 5002
6979 3260
4016 6295
2586 9592
6130 4708
7110 8807
955 6833
5038 6937
5578 2949
8217 3823
1428 398
606 2263
1514 1541
1146 1469
3103 1749
7106 9296
6741 5421
5050 9251
6616 5668
4725 4597
6541 1197
525 2787
7180 315
8326 1916
1387 6391
2158 7526
6237 5135
3000 7423
7980 6177
5385 6870
2962 8569
1170 5643
6302 1895
6159 2085
6869 4773
799 3954
9927 439
1542 7988
7507 2739
1311 3946
5725 7123
3094 7836
8032 1833
7669 5804
6831 2642
4589 6585
2016 6334
5111 629
4379 5823
6363 2265
6287 1937
1425 6856
4822 7705
8455 2530
3162 1248
3714 5850
5400 786
1448 2521
7636 2945
5022 7588
6877 9600
2269 3452
7186 1005
3754 9989
8901 1550
4918 4825
543 3744
2339 8941
308 1212
9993 133
3992 4011
2071 2435
531 4891
6382 2182
8337 9186
6122 6641
4701 9282
3442 7608
9551 8494
883 2067
6643 5292
888 396
5004 7803
9933 7835
472 6583
1923 2884
7846 5755
806 2191
4550 7127
3022 7481
7584 2290
4387 1577
199 2401
3557 2022
9887 6808
1562 8263
7693 672
1001 2442
1966 2746
4646 4841
1019 1315
447 2937
1195 6697
9463 8357
1433 4285
769 7452
9752 553
8351 1926
2116 1540
635 8028
8666 6676
7047 889
9915 5955
4560 2795
5117 8228
3112 3246
5427 7544
1571 2507
7439 3613
9938 5085
165 8870
7759 8421
3377 7760
1672 1967
8667 1156
367 4260
7753 9849
5409 8705
1718 6812
8534 583
3378 2162
6009 2788
7723 7581
1736 4947
5210 1534
2014 1279
6881 2490
863 7854
4995 5951
3124 9660
2452 3112
8248 485
1475 4640
2609 7991
3125 6324
4163 3302
9829 1788
7442 5186
776 5611
7190 8135
4533 980
5060 9523
9957 1392
2923 510
4231 9261
3836 2181
8312 2217
205 6534
1089 7616
9727 3171
9169 9442
9727 8513
1708 7065
8330 5840
2468 8761
1845 8320
2359 4568
1868 4386
8313 4768
6585 9516
8708 9011
2823 8689
2702 6847
9207 9537
9242 3602
195 6189
5424 8527
8402 9374
1489 8977
3019 9366
3990 496
2189 7350
2569 4866
9278 9650
6950 915
4930 5298
7443 8616
1455 2026
4318 3857
4190 7757
1046 1213
5333 9901
3548 3347
8707 6342
7499 5069
2667 2364
2614 7223
5141 4370
1505 3769
7553 2780
6948 5537
5310 3879
9147 4213
8986 7016
3472 9208
5594 2290
8541 7322
6044 9148
8509 1077
4059 3778
6067 8373
9092 5114
3389 9991
9126 9658
4137 8662
9311 5993
4393 4514
1045 2419
9460 1266
1489 7697
8253 6267
2595 4296
696 5361
3890 7984
3049 765
450 3336
2143 5712
3692 2648
210 1720
1304 8024
665 720
6750 2415
8687 5596
9726 7070
8182 5190
8460 9022
7292 275
3104 535
638 1481
2781 4146
5994 8868
7072 9506
5913 7703
8523 910
9213 8273
5875 5410
2679 9376
2727 7160
8077 3946
4914 656
7578 6265
